{
    "camera_angle_x": 0.8575560450553894,
    "aabb": [
        [
            -0.4,
            -0.4,
            -0.4
        ],
        [
            0.4,
            0.4,
            0.4
        ]
    ],
    "frames": [
        {
            "file_path": "000.png",
            "transform_matrix": [
                [
                    -0.8749929070472717,
                    0.23542049527168274,
                    -0.42304202914237976,
                    -0.5076504349708557
                ],
                [
                    -0.4841356873512268,
                    -0.42548248171806335,
                    0.7645764946937561,
                    0.9174919128417969
                ],
                [
                    -2.7810802549765867e-09,
                    0.8738088011741638,
                    0.48626965284347534,
                    0.5835235118865967
                ],
                [
                    0,
                    0,
                    0,
                    1
                ]
            ]
        },
        {
            "file_path": "001.png",
            "transform_matrix": [
                [
                    0.8085525035858154,
                    0.22910989820957184,
                    -0.5419884324073792,
                    -0.6503861546516418
                ],
                [
                    -0.588424026966095,
                    0.3148196041584015,
                    -0.7447454929351807,
                    -0.8936945796012878
                ],
                [
                    2.7655543632931767e-08,
                    0.9210848212242126,
                    0.3893619477748871,
                    0.46723443269729614
                ],
                [
                    0,
                    0,
                    0,
                    1
                ]
            ]
        },
        {
            "file_path": "002.png",
            "transform_matrix": [
                [
                    0.961132287979126,
                    -0.03421571105718613,
                    0.2739599049091339,
                    0.32875189185142517
                ],
                [
                    0.27608829736709595,
                    0.11911334097385406,
                    -0.9537228941917419,
                    -1.1444674730300903
                ],
                [
                    1.1432334190430993e-08,
                    0.9922909736633301,
                    0.12393023073673248,
                    0.14871641993522644
                ],
                [
                    0,
                    0,
                    0,
                    1
                ]
            ]
        },
        {
            "file_path": "003.png",
            "transform_matrix": [
                [
                    0.7298749685287476,
                    -0.03123457543551922,
                    0.6828666925430298,
                    0.8194400668144226
                ],
                [
                    0.6835806369781494,
                    0.0333499051630497,
                    -0.7291126847267151,
                    -0.8749352693557739
                ],
                [
                    -3.9964827891481036e-08,
                    0.9989556074142456,
                    0.045692600309848785,
                    0.054831091314554214
                ],
                [
                    0,
                    0,
                    0,
                    1
                ]
            ]
        },
        {
            "file_path": "004.png",
            "transform_matrix": [
                [
                    -0.9997090697288513,
                    0.00581303471699357,
                    -0.02341342717409134,
                    -0.028096111491322517
                ],
                [
                    -0.024124260991811752,
                    -0.24089208245277405,
                    0.9702520966529846,
                    1.1643024682998657
                ],
                [
                    8.200875534214447e-10,
                    0.9705345630645752,
                    0.24096213281154633,
                    0.28915461897850037
                ],
                [
                    0,
                    0,
                    0,
                    1
                ]
            ]
        },
        {
            "file_path": "005.png",
            "transform_matrix": [
                [
                    -0.7874319553375244,
                    0.2805752456188202,
                    -0.5488426685333252,
                    -0.6586112380027771
                ],
                [
                    -0.6164014339447021,
                    -0.3584253489971161,
                    0.7011279463768005,
                    0.8413536548614502
                ],
                [
                    1.1250076425994848e-09,
                    0.8903980255126953,
                    0.4551827013492584,
                    0.5462192296981812
                ],
                [
                    0,
                    0,
                    0,
                    1
                ]
            ]
        },
        {
            "file_path": "006.png",
            "transform_matrix": [
                [
                    -0.6391884684562683,
                    0.25283822417259216,
                    -0.7262994647026062,
                    -0.8715594410896301
                ],
                [
                    -0.769050121307373,
                    -0.2101440280675888,
                    0.6036566495895386,
                    0.7243880033493042
                ],
                [
                    -3.154349315082072e-08,
                    0.9444110989570618,
                    0.32876691222190857,
                    0.39452025294303894
                ],
                [
                    0,
                    0,
                    0,
                    1
                ]
            ]
        },
        {
            "file_path": "007.png",
            "transform_matrix": [
                [
                    0.7075729966163635,
                    -0.0672425702214241,
                    0.703433632850647,
                    0.8441203832626343
                ],
                [
                    0.7066402435302734,
                    0.06733138859272003,
                    -0.704362154006958,
                    -0.8452346324920654
                ],
                [
                    -4.5232862788679995e-08,
                    0.99546217918396,
                    0.0951581746339798,
                    0.11418973654508591
                ],
                [
                    0,
                    0,
                    0,
                    1
                ]
            ]
        },
        {
            "file_path": "008.png",
            "transform_matrix": [
                [
                    -0.22155959904193878,
                    -0.1737706959247589,
                    0.959538996219635,
                    1.15144681930542
                ],
                [
                    0.9751468300819397,
                    -0.039481811225414276,
                    0.21801339089870453,
                    0.2616160213947296
                ],
                [
                    -1.422013795604471e-08,
                    0.9839943647384644,
                    0.17819949984550476,
                    0.21383948624134064
                ],
                [
                    0,
                    0,
                    0,
                    1
                ]
            ]
        },
        {
            "file_path": "009.png",
            "transform_matrix": [
                [
                    0.7879911065101624,
                    0.05070231482386589,
                    -0.6135953664779663,
                    -0.7363144755363464
                ],
                [
                    -0.6156865954399109,
                    0.0648917630314827,
                    -0.7853146195411682,
                    -0.9423775672912598
                ],
                [
                    -5.535941483003626e-09,
                    0.9966033697128296,
                    0.08235087990760803,
                    0.09882096201181412
                ],
                [
                    0,
                    0,
                    0,
                    1
                ]
            ]
        },
        {
            "file_path": "010.png",
            "transform_matrix": [
                [
                    -0.8841445446014404,
                    -0.179621621966362,
                    0.43130582571029663,
                    0.5175670385360718
                ],
                [
                    0.4672136902809143,
                    -0.33991187810897827,
                    0.8161932229995728,
                    0.9794319272041321
                ],
                [
                    -3.66995378531243e-10,
                    0.9231446981430054,
                    0.38445279002189636,
                    0.46134331822395325
                ],
                [
                    0,
                    0,
                    0,
                    1
                ]
            ]
        },
        {
            "file_path": "011.png",
            "transform_matrix": [
                [
                    -0.748944103717804,
                    0.07958455383777618,
                    -0.6578366756439209,
                    -0.789404034614563
                ],
                [
                    -0.6626332402229309,
                    -0.0899508073925972,
                    0.7435227632522583,
                    0.8922273516654968
                ],
                [
                    3.366952938677059e-09,
                    0.9927614331245422,
                    0.12010344117879868,
                    0.14412419497966766
                ],
                [
                    0,
                    0,
                    0,
                    1
                ]
            ]
        },
        {
            "file_path": "012.png",
            "transform_matrix": [
                [
                    0.7140406966209412,
                    0.3374269902706146,
                    -0.6134239435195923,
                    -0.736108660697937
                ],
                [
                    -0.7001041769981384,
                    0.34414389729499817,
                    -0.6256349682807922,
                    -0.7507619857788086
                ],
                [
                    3.953237737164272e-09,
                    0.8761894702911377,
                    0.4819667935371399,
                    0.5783602595329285
                ],
                [
                    0,
                    0,
                    0,
                    1
                ]
            ]
        },
        {
            "file_path": "013.png",
            "transform_matrix": [
                [
                    0.843031108379364,
                    0.09552313387393951,
                    -0.5293145179748535,
                    -0.6351774334907532
                ],
                [
                    -0.5378648042678833,
                    0.14971968531608582,
                    -0.8296297192573547,
                    -0.9955556988716125
                ],
                [
                    -3.23414859337845e-08,
                    0.9841033220291138,
                    0.17759688198566437,
                    0.21311624348163605
                ],
                [
                    0,
                    0,
                    0,
                    1
                ]
            ]
        },
        {
            "file_path": "014.png",
            "transform_matrix": [
                [
                    0.6875066757202148,
                    -0.1809772551059723,
                    0.7032651305198669,
                    0.8439182043075562
                ],
                [
                    0.7261780500411987,
                    0.17133963108062744,
                    -0.6658139228820801,
                    -0.798976719379425
                ],
                [
                    -2.293090872740322e-08,
                    0.968447208404541,
                    0.24921883642673492,
                    0.2990625202655792
                ],
                [
                    0,
                    0,
                    0,
                    1
                ]
            ]
        },
        {
            "file_path": "015.png",
            "transform_matrix": [
                [
                    -0.46703505516052246,
                    -0.1483510285615921,
                    0.8717052936553955,
                    1.046046495437622
                ],
                [
                    0.8842387199401855,
                    -0.07835566997528076,
                    0.46041518449783325,
                    0.5524982810020447
                ],
                [
                    1.809127425644874e-08,
                    0.9858257174491882,
                    0.16777262091636658,
                    0.20132702589035034
                ],
                [
                    0,
                    0,
                    0,
                    1
                ]
            ]
        },
        {
            "file_path": "016.png",
            "transform_matrix": [
                [
                    -0.887584388256073,
                    -0.16321860253810883,
                    0.4307604134082794,
                    0.5169124007225037
                ],
                [
                    0.4606461226940155,
                    -0.3144937753677368,
                    0.8299996256828308,
                    0.9959993958473206
                ],
                [
                    -1.4867891806602529e-08,
                    0.9351224303245544,
                    0.35432520508766174,
                    0.42519041895866394
                ],
                [
                    0,
                    0,
                    0,
                    1
                ]
            ]
        },
        {
            "file_path": "017.png",
            "transform_matrix": [
                [
                    -0.6323598623275757,
                    -0.3734930157661438,
                    0.6786929368972778,
                    0.8144315481185913
                ],
                [
                    0.7746748924255371,
                    -0.3048788905143738,
                    0.5540106296539307,
                    0.6648128628730774
                ],
                [
                    1.1079869466357195e-08,
                    0.8761004209518433,
                    0.48212873935699463,
                    0.5785544514656067
                ],
                [
                    0,
                    0,
                    0,
                    1
                ]
            ]
        },
        {
            "file_path": "018.png",
            "transform_matrix": [
                [
                    -0.8614988923072815,
                    -0.16140224039554596,
                    0.4814239740371704,
                    0.5777087807655334
                ],
                [
                    0.5077595114707947,
                    -0.273845911026001,
                    0.8168162107467651,
                    0.980179488658905
                ],
                [
                    1.0784191317725345e-08,
                    0.9481338262557983,
                    0.31787142157554626,
                    0.38144567608833313
                ],
                [
                    0,
                    0,
                    0,
                    1
                ]
            ]
        },
        {
            "file_path": "019.png",
            "transform_matrix": [
                [
                    -0.878512442111969,
                    0.07081741839647293,
                    -0.47244125604629517,
                    -0.5669295191764832
                ],
                [
                    -0.47771942615509033,
                    -0.13023120164871216,
                    0.8688060641288757,
                    1.0425673723220825
                ],
                [
                    1.348432832060098e-08,
                    0.9889513254165649,
                    0.1482405811548233,
                    0.17788870632648468
                ],
                [
                    0,
                    0,
                    0,
                    1
                ]
            ]
        },
        {
            "file_path": "020.png",
            "transform_matrix": [
                [
                    -0.6604932546615601,
                    0.24918995797634125,
                    -0.7082746624946594,
                    -0.8499296307563782
                ],
                [
                    -0.7508319616317749,
                    -0.21920788288116455,
                    0.6230564117431641,
                    0.7476677298545837
                ],
                [
                    -5.250661572198112e-10,
                    0.9433197975158691,
                    0.33188512921333313,
                    0.3982622027397156
                ],
                [
                    0,
                    0,
                    0,
                    1
                ]
            ]
        },
        {
            "file_path": "021.png",
            "transform_matrix": [
                [
                    0.9280068278312683,
                    0.1267712116241455,
                    -0.3503319025039673,
                    -0.4203982651233673
                ],
                [
                    -0.37256327271461487,
                    0.3157705068588257,
                    -0.8726314902305603,
                    -1.047157645225525
                ],
                [
                    -3.879243237747687e-08,
                    0.9403287172317505,
                    0.34026744961738586,
                    0.40832117199897766
                ],
                [
                    0,
                    0,
                    0,
                    1
                ]
            ]
        },
        {
            "file_path": "022.png",
            "transform_matrix": [
                [
                    0.943835973739624,
                    -0.09885967522859573,
                    0.3152783513069153,
                    0.3783339262008667
                ],
                [
                    0.33041438460350037,
                    0.28239476680755615,
                    -0.9005997180938721,
                    -1.0807194709777832
                ],
                [
                    -1.8850588645591415e-08,
                    0.9541909098625183,
                    0.2991989850997925,
                    0.3590388894081116
                ],
                [
                    0,
                    0,
                    0,
                    1
                ]
            ]
        },
        {
            "file_path": "023.png",
            "transform_matrix": [
                [
                    -0.9718323945999146,
                    -0.03945506736636162,
                    0.23234735429286957,
                    0.2788168489933014
                ],
                [
                    0.23567350208759308,
                    -0.16269852221012115,
                    0.9581165313720703,
                    1.1497398614883423
                ],
                [
                    5.664100299895836e-09,
                    0.9858866930007935,
                    0.1674140840768814,
                    0.2008969485759735
                ],
                [
                    0,
                    0,
                    0,
                    1
                ]
            ]
        }
    ]
}